(1,1) 0.0
(1,2) 437.20606665117054
(1,3) 1001.9786925341272
(1,4) 1939.0874356188203
(1,5) 1984.3465718308782
(1,6) 1896.8606015044131
(1,7) 1871.7585099110986
(1,8) 1784.1199311030418
(1,9) 3676.785581973806
(1,10) 3610.5598675631563
(1,11) 3726.1618203259413
(1,12) 1842.2849931845585
(1,13) 2584.6455420827688
(1,14) 1597.384821548104
(1,15) 1753.8582764717082
(1,16) 686.4578254665643
(1,17) 533.1311815963878
(1,18) 1396.6167802621485
(1,19) 617.226167156934
(1,20) 1144.207694948704
(1,21) 286.72745178568186
(1,22) 419.14693763146795
(1,23) 672.796449609291
(1,24) 2719.389169810084
(1,25) 2747.186218180584
(1,26) 3167.0650210205317
(1,27) 3054.2790677266416
(1,28) 3330.392483039676
(1,29) 3317.851589029737
(1,30) 3105.7746835509893
(1,31) 3502.974376218828
(1,32) 2520.2762068472825
(2,1) 437.20606665117054
(2,2) 0.0
(2,3) 1368.388564106302
(2,4) 2375.6244084349846
(2,5) 2419.8107884778824
(2,6) 2333.021506683795
(2,7) 2307.5238187450896
(2,8) 2221.325334642852
(2,9) 3630.9379517669445
(2,10) 3531.8165820287923
(2,11) 3677.400986646527
(2,12) 1485.9340224644725
(2,13) 2907.5983390923566
(2,14) 1272.4224288369717
(2,15) 2185.4421631245245
(2,16) 1065.419075877961
(2,17) 851.9715903769454
(2,18) 1792.1511287270553
(2,19) 417.81727989673067
(2,20) 749.6941241322924
(2,21) 500.009720189328
(2,22) 306.5755970770894
(2,23) 340.6207059324883
(2,24) 2313.251841058942
(2,25) 2364.993484285407
(2,26) 2753.8476487972844
(2,27) 2661.4738962229962
(2,28) 2914.8998333418685
(2,29) 2916.9681418590003
(2,30) 2730.8787681807507
(2,31) 3110.2432506886157
(2,32) 2091.1235447262593
(3,1) 1001.9786925341272
(3,2) 1368.388564106302
(3,3) 0.0
(3,4) 1384.2783458079518
(3,5) 1459.6157628622336
(3,6) 1362.5643693487427
(3,7) 1354.0715360238348
(3,8) 1190.9876927442447
(3,9) 3293.159250833168
(3,10) 3304.384220272028
(3,11) 3346.5142632352818
(3,12) 2371.3535213796226
(3,13) 1592.1771842233218
(3,14) 2083.4711588231858
(3,15) 1004.2725003021775
(3,16) 316.10224438773236
(3,17) 522.3936213055656
(3,18) 450.7051067174488
(3,19) 1248.4964879033107
(3,20) 1863.0647925205703
(3,21) 874.4749334107836
(3,22) 1143.4116850047892
(3,23) 1419.1556015837123
(3,24) 3343.602652265873
(3,25) 3283.2476189971944
(3,26) 3805.5392528457487
(3,27) 3613.7451457994425
(3,28) 3974.8861518658373
(3,29) 3898.9905082589485
(3,30) 3600.3449104430747
(3,31) 4046.308106955513
(3,32) 3429.036771799135
(4,1) 1939.0874356188203
(4,2) 2375.6244084349846
(4,3) 1384.2783458079518
(4,4) 0.0
(4,5) 86.1658582133533
(4,6) 51.59860973675744
(4,7) 87.01501227588894
(4,8) 194.48816205860615
(4,9) 4524.294933458445
(4,10) 4578.695905404994
(4,11) 4578.25312346509
(4,12) 3671.168537310346
(4,13) 1967.8885569793924
(4,14) 3392.8614575253614
(4,15) 479.86576954947776
(4,16) 1496.3040637526983
(4,17) 1744.189723662426
(4,18) 1064.460058936215
(4,19) 2449.4914822014616
(4,20) 3052.433682925898
(4,21) 2003.3519433766753
(4,22) 2282.547973371151
(4,23) 2572.875734457205
(4,24) 4611.931049425083
(4,25) 4593.064685690797
(4,26) 5069.160105771665
(4,27) 4916.39913647583
(4,28) 5235.938509858935
(4,29) 5193.616236087651
(4,30) 4928.906133307413
(4,31) 5358.990711181029
(4,32) 4428.8463039835015
(5,1) 1984.3465718308782
(5,2) 2419.8107884778824
(5,3) 1459.6157628622336
(5,4) 86.1658582133533
(5,5) 0.0
(5,6) 97.2738728838064
(5,7) 113.75883333112596
(5,8) 275.4478519140685
(5,9) 4609.828331995558
(5,10) 4663.429845428565
(5,11) 4663.787931477763
(5,12) 3731.664116841386
(5,13) 2047.2303114106128
(5,14) 3454.781239408355
(5,15) 566.0160759271577
(5,16) 1561.7136035243275
(5,17) 1807.2803176106918
(5,18) 1147.9584038625019
(5,19) 2505.4566801783276
(5,20) 3104.8485704653945
(5,21) 2058.369083386814
(5,22) 2335.5996078163716
(5,23) 2624.9269082698265
(5,24) 4668.032110823035
(5,25) 4653.613361681561
(5,26) 5124.327837937417
(5,27) 4975.864386305015
(5,28) 5290.696862001323
(5,29) 5251.967217488384
(5,30) 4991.492684043119
(5,31) 5419.327631347202
(5,32) 4463.160852240523
(6,1) 1896.8606015044131
(6,2) 2333.021506683795
(6,3) 1362.5643693487427
(6,4) 51.59860973675744
(6,5) 97.2738728838064
(6,6) 0.0
(6,7) 35.701069646740294
(6,8) 183.40252481687295
(6,9) 4521.903375805243
(6,10) 4573.116640927418
(6,11) 4575.8658389428165
(6,12) 3636.9435467471258
(6,13) 1992.2160084910424
(6,14) 3359.5559542465003
(6,15) 487.26940297204834
(6,16) 1465.3571666071082
(6,17) 1711.581096348333
(6,18) 1055.9847183792326
(6,19) 2412.4958932458476
(6,20) 3013.596201826579
(6,21) 1965.7847682138947
(6,22) 2243.9720930867456
(6,23) 2533.8204647875677
(6,24) 4575.110767919123
(6,25) 4558.896957818784
(6,26) 5031.836186995334
(6,27) 4881.558824089468
(6,28) 5198.396932349103
(6,29) 5158.10581691189
(6,30) 4896.084601337046
(6,31) 5324.702003356865
(6,32) 4382.92874985672
(7,1) 1871.7585099110986
(7,2) 2307.5238187450896
(7,3) 1354.0715360238348
(7,4) 87.01501227588894
(7,5) 113.75883333112596
(7,6) 35.701069646740294
(7,7) 0.0
(7,8) 189.74713512813278
(7,9) 4526.444974197082
(7,10) 4575.452374578421
(7,11) 4580.406360686246
(7,12) 3618.239919009519
(7,13) 2014.4895808197596
(7,14) 3341.6040013164047
(7,15) 500.9912345288705
(7,16) 1449.7031476485618
(7,17) 1694.4973426674997
(7,18) 1057.4211808209486
(7,19) 2391.702730623689
(7,20) 2991.2149136510106
(7,21) 1944.6105575180693
(7,22) 2221.9064589716663
(7,23) 2511.3123812282993
(7,24) 4554.274738664006
(7,25) 4540.1802602006865
(7,26) 5010.574511007105
(7,27) 4862.294077536604
(7,28) 5176.953041109418
(7,29) 5138.2966442925135
(7,30) 4878.411028053183
(7,31) 5305.856600602835
(7,32) 4354.359458670377
(8,1) 1784.1199311030418
(8,2) 2221.325334642852
(8,3) 1190.9876927442447
(8,4) 194.48816205860615
(8,5) 275.4478519140685
(8,6) 183.40252481687295
(8,7) 189.74713512813278
(8,8) 0.0
(8,9) 4338.654416438197
(8,10) 4389.76026414164
(8,11) 4392.6169235757625
(8,12) 3491.4596922618666
(8,13) 1841.8972412358964
(8,14) 3211.5054905247243
(8,15) 314.906261252894
(8,16) 1312.3401579497936
(8,17) 1562.7108788367675
(8,18) 872.984091722107
(8,19) 2276.7152038737486
(8,20) 2884.1915986277068
(8,21) 1832.651127805051
(8,22) 2114.2920556378117
(8,23) 2405.703360761547
(8,24) 4437.62519814854
(8,25) 4413.007656891756
(8,26) 4895.989795925026
(8,27) 4737.615439676109
(8,28) 5063.285325518866
(8,29) 5016.188632285604
(8,30) 4746.340225839898
(8,31) 5179.035133530198
(8,32) 4288.784277579864
(9,1) 3676.785581973806
(9,2) 3630.9379517669445
(9,3) 3293.159250833168
(9,4) 4524.294933458445
(9,5) 4609.828331995558
(9,6) 4521.903375805243
(9,7) 4526.444974197082
(9,8) 4338.654416438197
(9,9) 0.0
(9,10) 286.8051226385131
(9,11) 53.96251059152477
(9,12) 2843.17072586247
(9,13) 2998.610941658408
(9,14) 2764.2732544311098
(9,15) 4049.905910726861
(9,16) 3401.7686351958187
(9,17) 3299.3756467743096
(9,18) 3472.833423393596
(9,19) 3213.1237138468027
(9,20) 3264.2996880981527
(9,21) 3390.8443983894767
(9,22) 3359.865415803076
(9,23) 3329.985978190155
(9,24) 3332.355048837847
(9,25) 3023.5150171576183
(9,26) 3594.6496575727865
(9,27) 3227.605955735137
(9,28) 3707.117965233124
(9,29) 3438.1516113382395
(9,30) 3004.6110701076923
(9,31) 3381.394506023642
(9,32) 4479.377864363029
(10,1) 3610.5598675631563
(10,2) 3531.8165820287923
(10,3) 3304.384220272028
(10,4) 4578.695905404994
(10,5) 4663.429845428565
(10,6) 4573.116640927418
(10,7) 4575.452374578421
(10,8) 4389.76026414164
(10,9) 286.8051226385131
(10,10) 0.0
(10,11) 283.9596910577405
(10,12) 2648.253968682727
(10,13) 3145.926847288586
(10,14) 2592.2693748223014
(10,15) 4110.027882735405
(10,16) 3387.1752102037867
(10,17) 3265.1276395441223
(10,18) 3518.1342813891756
(10,19) 3115.4680432514265
(10,20) 3116.2608178237483
(10,21) 3327.2235591031194
(10,22) 3272.8488237089773
(10,23) 3219.3522061432313
(10,24) 3085.006947764441
(10,25) 2771.7507638199254
(10,26) 3332.1912166098796
(10,27) 2964.560844036759
(10,28) 3440.6022226989494
(10,29) 3168.3405352593386
(10,30) 2737.2170363968794
(10,31) 3105.433217689219
(10,32) 4264.433541624639
(11,1) 3726.1618203259413
(11,2) 3677.400986646527
(11,3) 3346.5142632352818
(11,4) 4578.25312346509
(11,5) 4663.787931477763
(11,6) 4575.8658389428165
(11,7) 4580.406360686246
(11,8) 4392.6169235757625
(11,9) 53.96251059152477
(11,10) 283.9596910577405
(11,11) 0.0
(11,12) 2875.6721896981653
(11,13) 3049.3251066228695
(11,14) 2800.8790683790785
(11,15) 4103.845064638858
(11,16) 3454.206566074296
(11,17) 3350.805591345376
(11,18) 3526.773418191663
(11,19) 3259.612745246504
(11,20) 3304.795393977853
(11,21) 3440.3549283707275
(11,22) 3407.4147886347387
(11,23) 3375.1605535895087
(11,24) 3351.819261977889
(11,25) 3041.389605645824
(11,26) 3608.4597406424878
(11,27) 3241.1049060417818
(11,28) 3719.097323516844
(11,29) 3448.457384662381
(11,30) 3016.073856129201
(11,31) 3388.1171419426114
(11,32) 4508.048353017061
(12,1) 1842.2849931845585
(12,2) 1485.9340224644725
(12,3) 2371.3535213796226
(12,4) 3671.168537310346
(12,5) 3731.664116841386
(12,6) 3636.9435467471258
(12,7) 3618.239919009519
(12,8) 3491.4596922618666
(12,9) 2843.17072586247
(12,10) 2648.253968682727
(12,11) 2875.6721896981653
(12,12) 0.0
(12,13) 3499.744734441707
(12,14) 289.92003064900314
(12,15) 3362.7006408018074
(12,16) 2181.6562627910575
(12,17) 1928.9983564296476
(12,18) 2813.0311594649825
(12,19) 1242.941468031657
(12,20) 750.9911675561495
(12,21) 1687.1247476862352
(12,22) 1432.4306887482066
(12,23) 1173.5711707871528
(12,24) 981.5399832728995
(12,25) 921.9549856120639
(12,26) 1441.6920153728545
(12,27) 1246.786302494537
(12,28) 1611.2651185437883
(12,29) 1528.9019500655513
(12,30) 1267.5521250406853
(12,31) 1687.8221755360742
(12,32) 1663.2825496369967
(13,1) 2584.6455420827688
(13,2) 2907.5983390923566
(13,3) 1592.1771842233218
(13,4) 1967.8885569793924
(13,5) 2047.2303114106128
(13,6) 1992.2160084910424
(13,7) 2014.4895808197596
(13,8) 1841.8972412358964
(13,9) 2998.610941658408
(13,10) 3145.926847288586
(13,11) 3049.3251066228695
(13,12) 3499.744734441707
(13,13) 0.0
(13,14) 3222.22245116265
(13,15) 1534.5827647893293
(13,16) 1906.1961585840247
(13,17) 2066.010832572024
(13,18) 1310.607187401193
(13,19) 2677.0340387341093
(13,20) 3226.211019118976
(13,21) 2409.5112924627583
(13,22) 2636.8135392577424
(13,23) 2867.233799709962
(13,24) 4461.270991945983
(13,25) 4306.1505826409675
(13,26) 4906.199570819201
(13,27) 4634.356314677913
(13,28) 5072.220628433283
(13,29) 4924.115058042783
(13,30) 4544.234208490418
(13,31) 5014.339753292296
(13,32) 4861.498627961209
(14,1) 1597.384821548104
(14,2) 1272.4224288369717
(14,3) 2083.4711588231858
(14,4) 3392.8614575253614
(14,5) 3454.781239408355
(14,6) 3359.5559542465003
(14,7) 3341.6040013164047
(14,8) 3211.5054905247243
(14,9) 2764.2732544311098
(14,10) 2592.2693748223014
(14,11) 2800.8790683790785
(14,12) 289.92003064900314
(14,13) 3222.22245116265
(14,14) 0.0
(14,15) 3077.2465572084266
(14,16) 1899.95223940176
(14,17) 1648.9240612116848
(14,18) 2524.054056468391
(14,19) 985.878252843128
(14,20) 590.969354125573
(14,21) 1422.5047137736071
(14,22) 1180.805978576714
(14,23) 942.8483550979374
(14,24) 1271.1514426697963
(14,25) 1202.9232697861319
(14,26) 1731.5717910593348
(14,27) 1531.2867020083265
(14,28) 1901.1543834848344
(14,29) 1815.5755590627134
(14,30) 1537.110337122644
(14,31) 1968.5737707263186
(14,32) 1832.1000295129206
(15,1) 1753.8582764717082
(15,2) 2185.4421631245245
(15,3) 1004.2725003021775
(15,4) 479.86576954947776
(15,5) 566.0160759271577
(15,6) 487.26940297204834
(15,7) 500.9912345288705
(15,8) 314.906261252894
(15,9) 4049.905910726861
(15,10) 4110.027882735405
(15,11) 4103.845064638858
(15,12) 3362.7006408018074
(15,13) 1534.5827647893293
(15,14) 3077.2465572084266
(15,15) 0.0
(15,16) 1190.1788657610384
(15,17) 1445.7459357294565
(15,18) 617.6665559669212
(15,19) 2182.8673322520112
(15,20) 2800.0707415051615
(15,21) 1752.6394640844474
(15,22) 2038.0190118663513
(15,23) 2329.3562824932706
(15,24) 4325.796431310066
(15,25) 4279.680193396834
(15,26) 4786.898743929799
(15,27) 4608.489063882708
(15,28) 4955.569933392556
(15,29) 4891.590924935467
(15,30) 4601.76196798148
(15,31) 5044.3628057850565
(15,32) 4274.124084491857
(16,1) 686.4578254665643
(16,2) 1065.419075877961
(16,3) 316.10224438773236
(16,4) 1496.3040637526983
(16,5) 1561.7136035243275
(16,6) 1465.3571666071082
(16,7) 1449.7031476485618
(16,8) 1312.3401579497936
(16,9) 3401.7686351958187
(16,10) 3387.1752102037867
(16,11) 3454.206566074296
(16,12) 2181.6562627910575
(16,13) 1906.1961585840247
(16,14) 1899.95223940176
(16,15) 1190.1788657610384
(16,16) 0.0
(16,17) 255.5816587317004
(16,18) 727.4486522993986
(16,19) 995.3016553349912
(16,20) 1613.9357485235428
(16,21) 583.7774309219274
(16,22) 864.6063794669892
(16,23) 1151.1195429665377
(16,24) 3137.6745191934256
(16,25) 3102.3268934941434
(16,26) 3598.2466381372656
(16,27) 3428.4202583355564
(16,28) 3766.659334704584
(16,29) 3708.9908445661927
(16,30) 3434.0247665640145
(16,31) 3868.2709558958836
(16,32) 3142.861255234128
(17,1) 533.1311815963878
(17,2) 851.9715903769454
(17,3) 522.3936213055656
(17,4) 1744.189723662426
(17,5) 1807.2803176106918
(17,6) 1711.581096348333
(17,7) 1694.4973426674997
(17,8) 1562.7108788367675
(17,9) 3299.3756467743096
(17,10) 3265.1276395441223
(17,11) 3350.805591345376
(17,12) 1928.9983564296476
(17,13) 2066.010832572024
(17,14) 1648.9240612116848
(17,15) 1445.7459357294565
(17,16) 255.5816587317004
(17,17) 0.0
(17,18) 963.5874355950986
(17,19) 741.7948127327478
(17,20) 1360.5524556423645
(17,21) 353.5754466792487
(17,22) 622.100669182352
(17,23) 902.9932590903151
(17,24) 2882.5491267630578
(17,25) 2850.3448629988648
(17,26) 3342.9643892093745
(17,27) 3175.5229522976615
(17,28) 3511.3101789500647
(17,29) 3455.3163683817925
(17,30) 3184.7225699439446
(17,31) 3616.37148177829
(17,32) 2907.271846528561
(18,1) 1396.6167802621485
(18,2) 1792.1511287270553
(18,3) 450.7051067174488
(18,4) 1064.460058936215
(18,5) 1147.9584038625019
(18,6) 1055.9847183792326
(18,7) 1057.4211808209486
(18,8) 872.984091722107
(18,9) 3472.833423393596
(18,10) 3518.1342813891756
(18,11) 3526.773418191663
(18,12) 2813.0311594649825
(18,13) 1310.607187401193
(18,14) 2524.054056468391
(18,15) 617.6665559669212
(18,16) 727.4486522993986
(18,17) 963.5874355950986
(18,18) 0.0
(18,19) 1697.7877010569903
(18,20) 2313.3995316876503
(18,21) 1309.1629067487272
(18,22) 1585.3454364309366
(18,23) 1865.618905179043
(18,24) 3788.5275967301714
(18,25) 3719.8538114338185
(18,26) 4250.452651653397
(18,27) 4051.5389657190344
(18,28) 4419.939648486941
(18,29) 4338.191717853567
(18,30) 4030.047052669692
(18,31) 4480.5367408253915
(18,32) 3868.735503183743
(19,1) 617.226167156934
(19,2) 417.81727989673067
(19,3) 1248.4964879033107
(19,4) 2449.4914822014616
(19,5) 2505.4566801783276
(19,6) 2412.4958932458476
(19,7) 2391.702730623689
(19,8) 2276.7152038737486
(19,9) 3213.1237138468027
(19,10) 3115.4680432514265
(19,11) 3259.612745246504
(19,12) 1242.941468031657
(19,13) 2677.0340387341093
(19,14) 985.878252843128
(19,15) 2182.8673322520112
(19,16) 995.3016553349912
(19,17) 741.7948127327478
(19,18) 1697.7877010569903
(19,19) 0.0
(19,20) 618.7763188562732
(19,21) 447.8251562960109
(19,22) 198.168406249799
(19,23) 191.4133213352725
(19,24) 2162.6197204429895
(19,25) 2159.8383442817685
(19,26) 2619.7357533430245
(19,27) 2476.180548503225
(19,28) 2786.7417535286536
(19,29) 2748.6528663871286
(19,30) 2510.480246475119
(19,31) 2922.622659220586
(19,32) 2200.49753071682
(20,1) 1144.207694948704
(20,2) 749.6941241322924
(20,3) 1863.0647925205703
(20,4) 3052.433682925898
(20,5) 3104.8485704653945
(20,6) 3013.596201826579
(20,7) 2991.2149136510106
(20,8) 2884.1915986277068
(20,9) 3264.2996880981527
(20,10) 3116.2608178237483
(20,11) 3304.795393977853
(20,12) 750.9911675561495
(20,13) 3226.211019118976
(20,14) 590.969354125573
(20,15) 2800.0707415051615
(20,16) 1613.9357485235428
(20,17) 1360.5524556423645
(20,18) 2313.3995316876503
(20,19) 618.7763188562732
(20,20) 0.0
(20,21) 1052.3174296147372
(20,22) 770.0332728660854
(20,23) 480.0098143699613
(20,24) 1575.2187809174368
(20,25) 1615.3340973445872
(20,26) 2024.668329838808
(20,27) 1914.2495944103975
(20,28) 2189.2223670842586
(20,29) 2174.3740726000265
(20,30) 1981.4362576156304
(20,31) 2363.2004790213573
(20,32) 1637.942447285815
(21,1) 286.72745178568186
(21,2) 500.009720189328
(21,3) 874.4749334107836
(21,4) 2003.3519433766753
(21,5) 2058.369083386814
(21,6) 1965.7847682138947
(21,7) 1944.6105575180693
(21,8) 1832.651127805051
(21,9) 3390.8443983894767
(21,10) 3327.2235591031194
(21,11) 3440.3549283707275
(21,12) 1687.1247476862352
(21,13) 2409.5112924627583
(21,14) 1422.5047137736071
(21,15) 1752.6394640844474
(21,16) 583.7774309219274
(21,17) 353.5754466792487
(21,18) 1309.1629067487272
(21,19) 447.8251562960109
(21,20) 1052.3174296147372
(21,21) 0.0
(21,22) 285.38156641508226
(21,23) 576.9981013631623
(21,24) 2609.7602208041385
(21,25) 2606.1641559744953
(21,26) 3066.054725665535
(21,27) 2923.634072175576
(21,28) 3232.649071565638
(21,29) 3196.472906761299
(21,30) 2954.286598128671
(21,31) 3369.7039773224446
(21,32) 2559.6535676891453
(22,1) 419.14693763146795
(22,2) 306.5755970770894
(22,3) 1143.4116850047892
(22,4) 2282.547973371151
(22,5) 2335.5996078163716
(22,6) 2243.9720930867456
(22,7) 2221.9064589716663
(22,8) 2114.2920556378117
(22,9) 3359.865415803076
(22,10) 3272.8488237089773
(22,11) 3407.4147886347387
(22,12) 1432.4306887482066
(22,13) 2636.8135392577424
(22,14) 1180.805978576714
(22,15) 2038.0190118663513
(22,16) 864.6063794669892
(22,17) 622.100669182352
(22,18) 1585.3454364309366
(22,19) 198.168406249799
(22,20) 770.0332728660854
(22,21) 285.38156641508226
(22,22) 0.0
(22,23) 292.069125991435
(22,24) 2335.8316562136165
(22,25) 2345.1285632074623
(22,26) 2789.904606547352
(22,27) 2658.045016176345
(22,28) 2955.7067993839632
(22,29) 2927.278462376772
(22,30) 2699.142378316205
(22,31) 3105.633836091453
(22,32) 2285.6296063664627
(23,1) 672.796449609291
(23,2) 340.6207059324883
(23,3) 1419.1556015837123
(23,4) 2572.875734457205
(23,5) 2624.9269082698265
(23,6) 2533.8204647875677
(23,7) 2511.3123812282993
(23,8) 2405.703360761547
(23,9) 3329.985978190155
(23,10) 3219.3522061432313
(23,11) 3375.1605535895087
(23,12) 1173.5711707871528
(23,13) 2867.233799709962
(23,14) 942.8483550979374
(23,15) 2329.3562824932706
(23,16) 1151.1195429665377
(23,17) 902.9932590903151
(23,18) 1865.618905179043
(23,19) 191.4133213352725
(23,20) 480.0098143699613
(23,21) 576.9981013631623
(23,22) 292.069125991435
(23,23) 0.0
(23,24) 2051.9183301313337
(23,25) 2074.4291290554897
(23,26) 2503.6041698369663
(23,27) 2382.0262612298657
(23,28) 2668.6394045356697
(23,29) 2647.3770691978175
(23,30) 2433.866284710793
(23,31) 2830.5739762743906
(23,32) 2017.20959888786
(24,1) 2719.389169810084
(24,2) 2313.251841058942
(24,3) 3343.602652265873
(24,4) 4611.931049425083
(24,5) 4668.032110823035
(24,6) 4575.110767919123
(24,7) 4554.274738664006
(24,8) 4437.62519814854
(24,9) 3332.355048837847
(24,10) 3085.006947764441
(24,11) 3351.819261977889
(24,12) 981.5399832728995
(24,13) 4461.270991945983
(24,14) 1271.1514426697963
(24,15) 4325.796431310066
(24,16) 3137.6745191934256
(24,17) 2882.5491267630578
(24,18) 3788.5275967301714
(24,19) 2162.6197204429895
(24,20) 1575.2187809174368
(24,21) 2609.7602208041385
(24,22) 2335.8316562136165
(24,23) 2051.9183301313337
(24,24) 0.0
(24,25) 325.3774126867236
(24,26) 461.95213091445464
(24,27) 396.6609406400151
(24,28) 631.4129945023484
(24,29) 607.6596270342212
(24,30) 592.6036873882936
(24,31) 820.1096921754594
(24,32) 1368.6506348673552
(25,1) 2747.186218180584
(25,2) 2364.993484285407
(25,3) 3283.2476189971944
(25,4) 4593.064685690797
(25,5) 4653.613361681561
(25,6) 4558.896957818784
(25,7) 4540.1802602006865
(25,8) 4413.007656891756
(25,9) 3023.5150171576183
(25,10) 2771.7507638199254
(25,11) 3041.389605645824
(25,12) 921.9549856120639
(25,13) 4306.1505826409675
(25,14) 1202.9232697861319
(25,15) 4279.680193396834
(25,16) 3102.3268934941434
(25,17) 2850.3448629988648
(25,18) 3719.8538114338185
(25,19) 2159.8383442817685
(25,20) 1615.3340973445872
(25,21) 2606.1641559744953
(25,22) 2345.1285632074623
(25,23) 2074.4291290554897
(25,24) 325.3774126867236
(25,25) 0.0
(25,26) 625.8684652038337
(25,27) 333.49615662178184
(25,28) 780.3055154402568
(25,29) 623.9744223377685
(25,30) 373.75622230045053
(25,31) 766.0280260343038
(25,32) 1675.5095467903184
(26,1) 3167.0650210205317
(26,2) 2753.8476487972844
(26,3) 3805.5392528457487
(26,4) 5069.160105771665
(26,5) 5124.327837937417
(26,6) 5031.836186995334
(26,7) 5010.574511007105
(26,8) 4895.989795925026
(26,9) 3594.6496575727865
(26,10) 3332.1912166098796
(26,11) 3608.4597406424878
(26,12) 1441.6920153728545
(26,13) 4906.199570819201
(26,14) 1731.5717910593348
(26,15) 4786.898743929799
(26,16) 3598.2466381372656
(26,17) 3342.9643892093745
(26,18) 4250.452651653397
(26,19) 2619.7357533430245
(26,20) 2024.668329838808
(26,21) 3066.054725665535
(26,22) 2789.904606547352
(26,23) 2503.6041698369663
(26,24) 461.95213091445464
(26,25) 625.8684652038337
(26,26) 0.0
(26,27) 367.7729235763623
(26,28) 169.6138220414083
(26,29) 283.00912991828994
(26,30) 609.3104005933852
(26,31) 515.0001176301784
(26,32) 1501.5017469572365
(27,1) 3054.2790677266416
(27,2) 2661.4738962229962
(27,3) 3613.7451457994425
(27,4) 4916.39913647583
(27,5) 4975.864386305015
(27,6) 4881.558824089468
(27,7) 4862.294077536604
(27,8) 4737.615439676109
(27,9) 3227.605955735137
(27,10) 2964.560844036759
(27,11) 3241.1049060417818
(27,12) 1246.786302494537
(27,13) 4634.356314677913
(27,14) 1531.2867020083265
(27,15) 4608.489063882708
(27,16) 3428.4202583355564
(27,17) 3175.5229522976615
(27,18) 4051.5389657190344
(27,19) 2476.180548503225
(27,20) 1914.2495944103975
(27,21) 2923.634072175576
(27,22) 2658.045016176345
(27,23) 2382.0262612298657
(27,24) 396.6609406400151
(27,25) 333.49615662178184
(27,26) 367.7729235763623
(27,27) 0.0
(27,28) 489.1854778515936
(27,29) 290.9550521557085
(27,30) 254.6206964740292
(27,31) 448.953876312606
(27,32) 1716.910433619621
(28,1) 3330.392483039676
(28,2) 2914.8998333418685
(28,3) 3974.8861518658373
(28,4) 5235.938509858935
(28,5) 5290.696862001323
(28,6) 5198.396932349103
(28,7) 5176.953041109418
(28,8) 5063.285325518866
(28,9) 3707.117965233124
(28,10) 3440.6022226989494
(28,11) 3719.097323516844
(28,12) 1611.2651185437883
(28,13) 5072.220628433283
(28,14) 1901.1543834848344
(28,15) 4955.569933392556
(28,16) 3766.659334704584
(28,17) 3511.3101789500647
(28,18) 4419.939648486941
(28,19) 2786.7417535286536
(28,20) 2189.2223670842586
(28,21) 3232.649071565638
(28,22) 2955.7067993839632
(28,23) 2668.6394045356697
(28,24) 631.4129945023484
(28,25) 780.3055154402568
(28,26) 169.6138220414083
(28,27) 489.1854778515936
(28,28) 0.0
(28,29) 292.648617853775
(28,30) 703.5514024215742
(28,31) 480.40254670761595
(28,32) 1574.3316741269484
(29,1) 3317.851589029737
(29,2) 2916.9681418590003
(29,3) 3898.9905082589485
(29,4) 5193.616236087651
(29,5) 5251.967217488384
(29,6) 5158.10581691189
(29,7) 5138.2966442925135
(29,8) 5016.188632285604
(29,9) 3438.1516113382395
(29,10) 3168.3405352593386
(29,11) 3448.457384662381
(29,12) 1528.9019500655513
(29,13) 4924.115058042783
(29,14) 1815.5755590627134
(29,15) 4891.590924935467
(29,16) 3708.9908445661927
(29,17) 3455.3163683817925
(29,18) 4338.191717853567
(29,19) 2748.6528663871286
(29,20) 2174.3740726000265
(29,21) 3196.472906761299
(29,22) 2927.278462376772
(29,23) 2647.3770691978175
(29,24) 607.6596270342212
(29,25) 623.9744223377685
(29,26) 283.00912991828994
(29,27) 290.9550521557085
(29,28) 292.648617853775
(29,29) 0.0
(29,30) 438.67536173776824
(29,31) 236.91254150220087
(29,32) 1781.866836157498
(30,1) 3105.7746835509893
(30,2) 2730.8787681807507
(30,3) 3600.3449104430747
(30,4) 4928.906133307413
(30,5) 4991.492684043119
(30,6) 4896.084601337046
(30,7) 4878.411028053183
(30,8) 4746.340225839898
(30,9) 3004.6110701076923
(30,10) 2737.2170363968794
(30,11) 3016.073856129201
(30,12) 1267.5521250406853
(30,13) 4544.234208490418
(30,14) 1537.110337122644
(30,15) 4601.76196798148
(30,16) 3434.0247665640145
(30,17) 3184.7225699439446
(30,18) 4030.047052669692
(30,19) 2510.480246475119
(30,20) 1981.4362576156304
(30,21) 2954.286598128671
(30,22) 2699.142378316205
(30,23) 2433.866284710793
(30,24) 592.6036873882936
(30,25) 373.75622230045053
(30,26) 609.3104005933852
(30,27) 254.6206964740292
(30,28) 703.5514024215742
(30,29) 438.67536173776824
(30,30) 0.0
(30,31) 470.23285175177153
(30,32) 1950.5511323182495
(31,1) 3502.974376218828
(31,2) 3110.2432506886157
(31,3) 4046.308106955513
(31,4) 5358.990711181029
(31,5) 5419.327631347202
(31,6) 5324.702003356865
(31,7) 5305.856600602835
(31,8) 5179.035133530198
(31,9) 3381.394506023642
(31,10) 3105.433217689219
(31,11) 3388.1171419426114
(31,12) 1687.8221755360742
(31,13) 5014.339753292296
(31,14) 1968.5737707263186
(31,15) 5044.3628057850565
(31,16) 3868.2709558958836
(31,17) 3616.37148177829
(31,18) 4480.5367408253915
(31,19) 2922.622659220586
(31,20) 2363.2004790213573
(31,21) 3369.7039773224446
(31,22) 3105.633836091453
(31,23) 2830.5739762743906
(31,24) 820.1096921754594
(31,25) 766.0280260343038
(31,26) 515.0001176301784
(31,27) 448.953876312606
(31,28) 480.40254670761595
(31,29) 236.91254150220087
(31,30) 470.23285175177153
(31,31) 0.0
(31,32) 2016.3987673209713
(32,1) 2520.2762068472825
(32,2) 2091.1235447262593
(32,3) 3429.036771799135
(32,4) 4428.8463039835015
(32,5) 4463.160852240523
(32,6) 4382.92874985672
(32,7) 4354.359458670377
(32,8) 4288.784277579864
(32,9) 4479.377864363029
(32,10) 4264.433541624639
(32,11) 4508.048353017061
(32,12) 1663.2825496369967
(32,13) 4861.498627961209
(32,14) 1832.1000295129206
(32,15) 4274.124084491857
(32,16) 3142.861255234128
(32,17) 2907.271846528561
(32,18) 3868.735503183743
(32,19) 2200.49753071682
(32,20) 1637.942447285815
(32,21) 2559.6535676891453
(32,22) 2285.6296063664627
(32,23) 2017.20959888786
(32,24) 1368.6506348673552
(32,25) 1675.5095467903184
(32,26) 1501.5017469572365
(32,27) 1716.910433619621
(32,28) 1574.3316741269484
(32,29) 1781.866836157498
(32,30) 1950.5511323182495
(32,31) 2016.3987673209713
(32,32) 0.0
